[gd_scene load_steps=8 format=2]

[ext_resource path="res://Gardener.tscn" type="PackedScene" id=1]
[ext_resource path="res://Ground.tres" type="Material" id=2]
[ext_resource path="res://Seed.tscn" type="PackedScene" id=3]
[ext_resource path="res://Main.gd" type="Script" id=4]

[sub_resource type="PhysicsMaterial" id=3]
resource_name = "Rasen"

[sub_resource type="BoxShape" id=1]
extents = Vector3( 30, 1, 30 )

[sub_resource type="CubeMesh" id=2]
size = Vector3( 60, 2, 60 )

[node name="Main" type="Node"]
script = ExtResource( 4 )
seed_scene = ExtResource( 3 )

[node name="Ground" type="StaticBody" parent="."]
transform = Transform( 1, 0, 0, 0, 1, 0, 0, 0, 1, 0, -1, 0 )
collision_mask = 0
physics_material_override = SubResource( 3 )

[node name="CollisionShape" type="CollisionShape" parent="Ground"]
shape = SubResource( 1 )

[node name="MeshInstance" type="MeshInstance" parent="Ground"]
material_override = ExtResource( 2 )
mesh = SubResource( 2 )
skeleton = NodePath("")

[node name="DirectionalLight" type="DirectionalLight" parent="."]
transform = Transform( 1, 0, 0, 0, 0.885491, 0.464657, 0, -0.464657, 0.885491, -6.61998, 21.2918, -9.38279 )
shadow_enabled = true

[node name="Camera" type="Camera" parent="."]
transform = Transform( 1, 0, 0, 0, 0.866025, 0.5, 0, -0.5, 0.866025, 0, 2.6505, 3.2669 )
fov = 81.0254

[node name="Gardener" parent="." instance=ExtResource( 1 )]
transform = Transform( -1, 0, -8.74226e-08, 4.06216e-08, 0.88549, -0.464656, 7.74121e-08, -0.464656, -0.885489, 0.0209999, 2.83298, -2.25692 )
collision_layer = 2

[node name="Seed" parent="." instance=ExtResource( 3 )]
transform = Transform( 1, 0, 0, 0, 1, 0, 0, 0, 1, 2.74799, 3.14126, -5.39029 )

[connection signal="spawned_seed" from="Gardener" to="." method="_on_Gardener_spawned_seed"]
